camera_matrix:
- [1208.5588709994051, 0.0, 499.91614711704153]
- [0.0, 1214.9951199566008, 615.1988854408328]
- [0.0, 0.0, 1.0]
dist_coeff:
- [0.7213232262356785, -4.8525350913814975, -0.004498698984687608, -0.01000235714524109, 11.851333154943749]